
                                                                                Prime factors of 3^k - 2^k for k <= 300


   k   |                                                                               Prime factors of 3^k - 2^k
-------+----------------------------------------------------------------------------------------------------------------------------------------------------------------------------------------------------
     1 | 1
     2 | 5
     3 | 19
     4 | 5 13
     5 | 211
     6 | 5 7 19
     7 | 29 71
     8 | 5 13 97
     9 | 19 1009
    10 | 5 5 11 211
    11 | 23 23 331
    12 | 5 7 13 19 61
    13 | 53 29927
    14 | 5 29 71 463
    15 | 19 211 3571
    16 | 5 13 17 97 401
    17 | 129009091
    18 | 5 7 19 577 1009
    19 | 1559 745181
    20 | 5 5 11 13 211 4621
    21 | 19 29 43 71 6217
    22 | 5 23 23 331 35839
    23 | 47 2002867877
    24 | 5 7 13 19 61 97 5521
    25 | 101 211 39756701
    26 | 5 53 79 4057 29927
    27 | 19 1009 397760329
    28 | 5 13 29 71 463 369181
    29 | 68629840493971
    30 | 5 5 7 11 19 31 211 241 3571
    31 | 617671248800299
    32 | 5 13 17 97 401 3041 14177
    33 | 19 23 23 67 331 24939553
    34 | 5 3673 7039 129009091
    35 | 29 71 211 6091 18906721
    36 | 5 7 13 19 37 61 73 181 577 1009
    37 | 8891471 50642213021
    38 | 5 419 1559 555029 745181
    39 | 19 53 29927 134473349011
    40 | 5 5 11 13 41 97 211 281 3121 4621
    41 | 821 32309 99139 13869481
    42 | 5 7 7 19 29 43 71 463 6217 92233
    43 | 431 1196347 636618868367
    44 | 5 13 23 23 331 35839 2414250301
    45 | 19 211 1009 3571 204521695561
    46 | 5 47 461 3083 13249 2002867877
    47 | 1129 303168989 77681973839
    48 | 5 7 13 17 19 61 97 401 5521 41432641
    49 | 29 71 197 589955028851094677
    50 | 5 5 5 11 101 211 1201 513101 39756701
    51 | 19 307 3163 129009091 904841491
    52 | 5 13 13 53 79 1093 4057 29927 13761229
    53 | 19383245658672820642055731
    54 | 5 7 19 577 1009 377604937 397760329
    55 | 23 23 211 331 33000001 143083295851
    56 | 5 13 29 71 97 463 78569 369181 3001769
    57 | 19 19 457 1559 745181 8191816751977
    58 | 5 59 1567 148466603 68629840493971
    59 | 14130386091162273752461387579
    60 | 5 5 7 11 13 19 31 61 211 241 2341 3571 4621 24001
    61 | 93941 203778431 6643288986915481
    62 | 5 1489 3659 22674269 617671248800299
    63 | 19 29 43 71 1009 3529 6217 110251 278775379
    64 | 5 13 17 97 401 1153 3041 14177 1607133116929
    65 | 53 211 29927 2010191 47891351 319716931
    66 | 5 7 19 23 23 67 199 331 35839 22270249 24939553
    67 | 269 17685389279 19487546413505693209
    68 | 5 13 3673 7039 129009091 1282861452271981
    69 | 19 47 139 691 102811 174571 270619 2002867877
    70 | 5 5 11 29 71 211 463 6091 18906721 392943879511
    71 | 67049419 111998979662707645844109121
    72 | 5 7 13 19 37 61 73 97 181 577 1009 2593 3889 5521 27793
    73 | 293 645845309 357153955800796052994163
    74 | 5 149 8891471 50642213021 604408111852283
    75 | 19 101 211 601 1051 3571 39756701 16751715789451
    76 | 5 13 419 1559 555029 745181 103911691734684541
    77 | 23 23 29 71 331 5237 117699514703 24634250588641
    78 | 5 7 19 53 79 4057 29927 357241 1011271 134473349011
    79 | 317 146309 157531818764909 6743424997709927
    80 | 5 5 11 13 17 41 97 211 281 401 3121 4621 1783433557073281
    81 | 19 163 1009 7415227 397760329 48110884801223689
    82 | 5 83 821 11071 32309 35507 99139 13869481 223574641
    83 | 167 499 47890252291257128126044781281592543
    84 | 5 7 7 13 19 29 43 61 71 463 6217 43261 92233 369181 8639401
    85 | 211 22441 129009091 58797880998898354362629971
    86 | 5 173 431 947 5333 14449 1196347 5200421 636618868367
    87 | 19 6209017 1522600921 26222472163 68629840493971
    88 | 5 13 23 23 89 97 331 617 35839 2414250301 184879309516177
    89 | 4120081168939 706132008101135602203621405289
    90 | 5 5 7 11 19 31 211 241 577 1009 2791 3571 127559071 204521695561
    91 | 29 53 71 29927 989353 12169249 22495663009 29602264147
    92 | 5 13 47 461 3083 13249 53269 2002867877 12798522145252969
    93 | 19 41388734137 617671248800299 485158402948122523
    94 | 5 1129 6299 75577 303168989 77681973839 11170373961701
    95 | 191 211 1559 745181 3301631 13720405721466007835103211
    96 | 5 7 13 17 19 61 97 193 401 3041 5521 14177 38977 41432641 245953921
    97 | 319128643 59813046375181769306016700165290169537
    98 | 5 29 71 197 463 224617 3440291 133768139 589955028851094677
    99 | 19 23 23 67 331 1009 2377 24939553 12884961778437920314402513
   100 | 5 5 5 11 13 101 211 1201 4621 11701 513101 9802501 39756701 104189401
   101 | 1546132562196033990574082188840405015112916155251
   102 | 5 7 19 103 307 409 3163 3673 7039 57529 982057 129009091 904841491
   103 | 1031 1016611 13276260528852139084537022924276558050559
   104 | 5 13 13 53 79 97 1093 4057 13001 29927 62401 13761229 82104167839721
   105 | 19 29 43 71 211 3571 6091 6217 11971 722611 18906721 15953660849491
   106 | 5 107 24574686173 1474296171913 19383245658672820642055731
   107 | 643 28463 1829563469 33661629004279868278205583994326979
   108 | 5 7 13 19 37 61 73 109 181 577 1009 13177 43633 2393389 377604937 397760329
   109 | 2399 128621 180287 99405167 221709530947 8274026360284002523
   110 | 5 5 11 11 23 23 211 331 35839 55661 33000001 143083295851 28909244547481
   111 | 19 8891471 50642213021 2549478251221609 4185699723047415259
   112 | 5 13 17 29 71 97 113 401 463 673 78569 369181 3001769 1009493350615396529
   113 | 91757 2381120538437 3760808297896862725084484133384890659
   114 | 5 7 19 19 419 457 1559 9007 555029 745181 2439487 8778799 8191816751977
   115 | 47 211 2002867877 299288524421 1244003531637747395162400674351
   116 | 5 13 59 1567 2437 7011853 77701093 148466603 272881417 68629840493971
   117 | 19 53 1009 6553 29927 302329 18054600409 134473349011 455049775436257
   118 | 5 19471 145142890373531870546641 14130386091162273752461387579
   119 | 29 71 239 129009091 219895484467 42908016367933271190455539986407
   120 | 5 5 7 11 13 19 31 41 61 97 211 241 281 2341 3121 3571 4621 5521 24001 2201414671278481
   121 | 23 23 331 3711813415875577 8294725495836621986715516373121185537
   122 | 5 21107 93941 5764013 203778431 6643288986915481 209061986047163521
   123 | 19 821 32309 99139 13869481 147226839649 3576346847737 132972762370027
   124 | 5 13 373 1489 3659 22674269 34686397 617671248800299 2268330947579252221
   125 | 101 211 39756701 515397931586890805724262529672368870694338434001
   126 | 5 7 7 19 29 43 71 127 463 577 1009 3529 6217 7687 92233 110251 278775379 194208941809
   127 | 509 5486877171767 355546148894851 3957859287933228402790714823803
   128 | 5 13 17 97 401 769 1153 3041 14177 121899667073 1607133116929 36629538145348481
   129 | 19 431 30187 1196347 3310558219 636618868367 56748336081377426535170587
   130 | 5 5 11 53 79 131 211 4057 5981 29927 2010191 47891351 319716931 149166625778220961
   131 | 263 1210399177182288006201752262354382648158190136861552303421773
   132 | 5 7 13 19 23 23 61 67 199 331 35839 22270249 24939553 395297101 2414250301 40834167001
   133 | 29 71 1559 745181 19867541 60286285357068323908884890185142379901668431
   134 | 5 269 8556286591 12384629339 17685389279 174978917747 19487546413505693209
   135 | 19 211 1009 3571 397760329 3383270641 204521695561 6485668152547332660657841
   136 | 5 13 97 137 3673 7039 236641 129009091 93067415281 950310165593 1282861452271981
   137 | 715963 7743810553505190928448899 41856855393835922319755115319026643
   138 | 5 7 19 47 139 461 691 3083 13249 102811 174571 270619 2002867877 1266021208542598810111
   139 | 180701 4064083 534791548469 1598789291028673291 3326254807627778280849547
   140 | 5 5 11 13 29 71 211 463 2521 4621 6091 13441 369181 18906721 392943879511 3330924131977261
   141 | 19 283 1129 303168989 77681973839 131479459318792575326390806103446996508857
   142 | 5 1279 5113 606341 67049419 378770204035162384997 111998979662707645844109121
   143 | 23 23 53 331 29927 639868373 110590649554458058129 8608106912640683724041725103
   144 | 5 7 13 17 19 37 61 73 97 181 401 577 1009 2593 3169 3889 5521 27793 41432641 25169360989905069409
   145 | 211 89611 208511 68629840493971 11656397356111561 482760636131855627222316551
   146 | 5 293 439 22777 3606347 645845309 374846134168397471243 357153955800796052994163
   147 | 19 29 43 71 197 883 6217 3566809 5935273 589955028851094677 603113129008172292789931
   148 | 5 13 149 7549 21313 8891471 3094090369 50642213021 604408111852283 31330151333999377
   149 | 363503977 9469970353 35826894687127246804985548437808941002293995812091691 
   150 | 5 5 5 7 11 19 31 101 151 211 241 601 751 1051 1201 3571 6151 513101 39756701 19679141551 16751715789451 
   151 | 907 4229 5957857 31257864813993763009 1553871519815521574742646118801067039341
   152 | 5 13 97 419 1559 555029 745181 143350267555241 103911691734684541 131233622361283804841
   153 | 19 307 1009 3163 129009091 904841491 45606072452936380486921 100798517038294835716321
   154 | 5 23 23 29 71 331 463 5237 35839 135367 173713 117699514703 24634250588641 2805980251094900881
   155 | 211 311 617671248800299 2218167055670022437734191976031585121031497411717039341
   156 | 5 7 13 13 19 53 61 79 157 313 1093 1873 4057 29927 32917 357241 1011271 13761229 34959235741 134473349011
   157 | 24325267 34316843565107624715057451342247 969330861796869994456492130438574359
   158 | 5 317 3793 146309 443742053 3709120153 157531818764909 1578428033020043 6743424997709927
   159 | 19 486225730787001529 19383245658672820642055731 40668809718666344663272025438059
   160 | 5 5 11 13 17 41 97 211 281 401 3041 3121 4621 14177 191408953253761 1783433557073281 17911723223817601
   161 | 29 47 71 9227233 30776761 2002867877 335750247682053586901 3546539189212321013014718087
   162 | 5 7 19 163 487 577 1009 7415227 377604937 397760329 48110884801223689 119401875833029529220991
   163 | 561047 3708366963827908951215846307996661 283519263045670202950666700299218504457
   164 | 5 13 83 821 11071 32309 35507 99139 13869481 223574641 102329189594547549657540565413396038701
   165 | 19 23 23 67 211 331 3571 342211 24939553 33000001 26833873441 143083295851 29231679455089165223401
   166 | 5 167 499 47890252291257128126044781281592543 798167678837469920188160718521149336927
   167 | 167884386911 284602839755962600307038183361142274453177384697761703968640951718869
   168 | 5 7 7 13 19 29 43 61 71 97 337 463 5521 6217 43261 78569 92233 263761 369181 3001769 8639401 1066416705314353
   169 | 53 29927 2297675840873089 117995171693834454246644003933945645889052923318362305633969
   170 | 5 5 11 211 3673 7039 22441 129009091 58797880998898354362629971 5051752485270228777139427773111
   171 | 19 19 457 1009 1559 300961 745181 8191816751977 8117487912611031245026653397581662995837458361
   172 | 5 13 173 431 947 5333 14449 593401 1196347 5200421 207593509 636618868367 67285658924969260260836929
   173 | 2423 3461 163555417229 25395520580004769792062089975593383731943129452467071848046383813
   174 | 5 7 19 59 1567 6209017 148466603 1522600921 26222472163 68629840493971 672870264554455488882904591
   175 | 29 71 101 211 701 6091 34651 18906721 39756701 315965685806893151 203315521506434771079581843014801
   176 | 5 13 17 23 23 89 97 331 401 617 881 5281 35839 2414250301 184879309516177 30576308069075829315234744136241
   177 | 19 15574619933833 1259430692227963 535750673607463853671855729 14130386091162273752461387579
   178 | 5 179 36847 4120081168939 87849394985353 1004217361647190454171 706132008101135602203621405289
   179 | 359 3581 138547 472561 15681120742669927371347500711133131 19238611434292026195045887544024913
   180 | 5 5 7 11 13 19 31 37 61 73 181 211 241 577 1009 2341 2791 3571 4621 24001 284041 3562381 127559071 85693614301 204521695561
   181 | 8689 145974198043 180177770641636417112546690128193917944439092140520910441370256179661913
   182 | 5 29 53 71 79 463 4057 29927 989353 12169249 856466339 22495663009 29602264147 41204133559341077510740829
   183 | 19 4027 5857 9883 93941 325009 203778431 11280909097 6643288986915481 995988534023541908441821015651
   184 | 5 13 47 97 461 2393 3083 3313 13249 53269 6827321 2002867877 12798522145252969 14961296951860360853213161489
   185 | 211 8891471 1350353111 50642213021 144283286596886504823039088995815387788435308012527125576301
   186 | 5 7 19 1489 3659 22674269 41388734137 11397459660241 617671248800299 4782006685338511 485158402948122523
   187 | 23 23 331 129009091 5052195279310415953531 1459790465782658058025281463338798630403528636354133521
   188 | 5 13 1129 6299 12973 28201 75577 303168989 77681973839 255629293957 11170373961701 581485707003066089360821
   189 | 19 29 43 71 379 1009 3529 6217 110251 27950833 278775379 397760329 59512056109507 5224174896652377110521061329
   190 | 5 5 11 191 211 419 1559 555029 745181 998071 1020491 3301631 1067908301 30489635189071 13720405721466007835103211
   191 | 383 9551 18719 68465468069 164209492620436363 17529097123947879503762992973014217865235532554975171
   192 | 5 7 13 17 19 61 97 193 401 1153 3041 5521 14177 38977 41432641 245953921 1607133116929 3433675861649849282330674248961
   193 | 773 157116815095122696291789672145814943987605497895096234870661710074857006307174092298131047
   194 | 5 389 319128643 860767049477 11401355003174418536876396236159 59813046375181769306016700165290169537
   195 | 19 53 211 3571 29927 2010191 47891351 319716931 134473349011 34867862809611949651 333547824886531319388057241
   196 | 5 13 29 71 197 463 21757 224617 369181 3440291 133768139 87407924298829 589955028851094677 6274085743404921460537
   197 | 4729 627158563 234271804066943144332319 14158605703498662092605666552664253711127693911176505757607
   198 | 5 7 19 23 23 67 199 331 577 1009 2377 35839 22270249 24939553 397546183 134722067567812337647 12884961778437920314402513
   199 | 24532885171 583874751623 70004575814822617 204366039176988885727871 432042242155762716591315528631609
   200 | 5 5 5 11 13 41 97 101 211 281 1201 3121 4621 11701 513101 742801 9802501 20017001 39756701 104189401 9937984196743741414107401
   201 | 19 269 5227 1127209 17685389279 6526081268653603 14064610681634419 19487546413505693209 836483523469394491081
   202 | 5 9293 511061 65110052388500902759897072711414286887 1546132562196033990574082188840405015112916155251
   203 | 29 29 71 6914587 1872620794129 68629840493971 135154741774875856294696475102949312848119651741929977617013
   204 | 5 7 13 19 61 103 307 409 3163 3673 7039 36313 57529 982057 129009091 904841491 6963690757 1282861452271981 18030735065744521
   205 | 211 821 32309 99139 928651 1137341 13869481 204159091 496268670311 78374455504513100082346514716110837068154961
   206 | 5 1031 2267 4327 19571 864583 1016611 1035563 3678131 4402074514867780687 13276260528852139084537022924276558050559
   207 | 19 47 139 691 1009 24841 102811 174571 270619 2002867877 3600218521 564397255371787417 13669705409132121645817136008513
   208 | 5 13 13 17 53 79 97 401 1093 4057 12689 13001 29927 62401 1110929 1786097 13761229 82104167839721 243219535423155690873375936113
   209 | 23 23 331 1559 745181 3519711317 17783063744014801 410617119926372986453109660583204752251353220144937873191103
   210 | 5 5 7 7 11 19 29 31 43 71 211 241 463 3571 6091 6217 11971 20161 92233 722611 1022911 18906721 392943879511 3594814314001 15953660849491
   211 | 71741 2021381 60535670011 673195626601 7961896012239438814655254719120655889025688949034591067758381776329
   212 | 5 13 107 24574686173 1474296171913 19383245658672820642055731 28900785585664327723593061693364968422740414514061
   213 | 19 67049419 111998979662707645844109121 2968004596822077086304911021670085519393409375658714926935003622851
   214 | 5 643 1499 28463 30543151 1829563469 33661629004279868278205583994326979 4923668198902261831578616884009661695587
   215 | 211 431 1196347 84238291 636618868367 653226538905447085447366838258692414841290693462264457585016377181585481
   216 | 5 7 13 19 37 61 73 97 109 181 433 577 1009 2593 3889 5521 13177 27793 43633 2393389 3924289 377604937 397760329 13258099121041937966158513
   217 | 29 71 19531 617671248800299 1380937620527093931041875988096094020093442378020814553738300538914920287236294321
   218 | 5 2399 26161 128621 180287 99405167 221709530947 8274026360284002523 258331949189986326367 300202495754209893864720697
   219 | 19 293 12656011 610615363 645845309 28037419956979 5148118061621371 215525406486734078635603 357153955800796052994163
   220 | 5 5 11 11 13 23 23 211 331 4621 35839 55661 107581 33000001 2414250301 143083295851 28909244547481 1950476971971949200862478871104521
   221 | 53 29927 129009091 292570001043947777892197 13213571901433344934283519 3512270039661515804531921543295636029568817
   222 | 5 7 19 149 223 8891471 50642213021 604408111852283 2549478251221609 4185699723047415259 129888234476568012959179713274897
   223 | 6691 ... (C103)
   224 | 5 13 17 29 71 97 113 401 463 673 3041 14177 78569 369181 3001769 1009493350615396529 6353013366833029265494966689456930135079943041
   225 | 19 101 211 601 1009 1051 3571 11251 12601 39756701 77139028801 204521695561 693477625051 16751715789451 236404043781518073556470601
   226 | 5 227 91757 2381120538437 6767699731599021026056283 106970700562454472350836183 3760808297896862725084484133384890659
   227 | 167360891302418779411 12102381564694515014432350438002672779054341887509579790377508212702751544613632122970969
   228 | 5 7 13 19 19 61 229 419 457 1559 2053 9007 15277 102829 555029 745181 2439487 8778799 743780461 54458107801 8191816751977 103911691734684541
   229 | 271117470516046849 67237232094433305864393166477037402086197319313004074022941345112953840883539481643687544179
   230 | 5 5 11 47 211 461 3083 13249 2002867877 299288524421 1244003531637747395162400674351 1428084971023809567567751268148238422995671
   231 | 19 23 23 29 43 67 71 331 5237 6217 7393 24939553 117699514703 24634250588641 477623986150219215705210263171363552691689031939074107
   232 | 5 13 59 97 233 1567 2437 5801 7011853 77701093 148466603 272881417 68629840493971 107858385204961 1568848882607857921785739511463937
   233 | 159839 36833107 601105613861 151627931312808787 2751701036391985713666549417466022679062779811068588287577512441269521
   234 | 5 7 19 53 79 577 937 1009 4057 6553 29927 35569 302329 357241 1011271 18054600409 62982602281 134473349011 455049775436257 13559702122447417
   235 | 211 1129 1366291 303168989 1681291991 77681973839 1031162433010065515681221927916539354471495897563937203409743162231131231
   236 | 5 13 709 19471 196382186120677 101358995027174329 1088313667564289029453 145142890373531870546641 14130386091162273752461387579
   237 | 19 317 146309 1069058379451 157531818764909 6743424997709927 119509718329591756838074008698048722320186017755313745709319641
   238 | 5 29 71 239 463 3673 7039 129009091 219895484467 382786631459 749370298192783 34889374644488466803 42908016367933271190455539986407
   239 | 479 556032695243981 ... (C97)
   240 | 5 5 7 11 13 17 19 31 41 61 97 211 241 281 401 2341 3121 3571 4621 5521 8161 24001 41432641 175148497921 1783433557073281 2201414671278481 2495789345064481
   241 | 28439 2593378829 131353637826254639188804036438381876118285904491705965023787967936287453273612276629981030884737333321
   242 | 5 23 23 331 727 3631 35839 3711813415875577 8294725495836621986715516373121185537 11396861583589129184317782918312975742060672897
   243 | 19 163 1009 7415227 397760329 5017613203 48110884801223689 291523673993774795223157729 134422589246208345134201918342587186421587
   244 | 5 13 15373 21107 93941 5764013 203778431 6643288986915481 209061986047163521 80926563051253100559542131196901585802655484271033537
   245 | 29 71 197 211 6091 232751 18906721 4209063010391 589955028851094677 204530703571356423566971 673508623337272676993826945073021810411
   246 | 5 7 19 83 821 11071 32309 35507 99139 13869481 16727017 223574641 147226839649 3576346847737 132972762370027 11361255391495010842857421647703
   247 | 53 1559 6917 29927 745181 554096234179339381151607889479147949154995724704226087882923070002865875456676266541239510748254223
   248 | 5 13 97 373 1489 3659 10169 22674269 34686397 2139086057 617671248800299 348817011776168009 2268330947579252221 197769670262480373728899433
   249 | 19 167 499 28387 2012419 2148331726243 3791445821098630996753 1801484705131668876500068236391753 47890252291257128126044781281592543
   250 | 5 5 5 5 11 101 211 251 1201 513101 39756701 27884532843001 14726555364585012892444440090751 515397931586890805724262529672368870694338434001
   251 | 503 ... (C118)
   252 | 5 7 7 13 19 29 37 43 61 71 73 127 181 463 577 1009 2017 3529 6217 7687 43261 92233 110251 369181 577081 8639401 278775379 537692653 194208941809 39129603181836301
   253 | 23 23 23 47 331 18217 34908941 2002867877 5488032953063 3891217802157280072417096962889721559914585300211252807333568407254377828645967
   254 | 5 509 6324601 64233553 5486877171767 355546148894851 50357873166123750971 38420842848981392597615861 3957859287933228402790714823803
   255 | 19 211 307 3163 3571 22441 129009091 904841491 205987887004051 58797880998898354362629971 105055330751068702153043605721087347200346380121
   256 | 5 13 17 97 257 401 769 1153 3041 14177 121899667073 1607133116929 36629538145348481 45876204582640401445607833244277975113391731388650867226881
   257 | 3650201327 114247220844165289049224917003868019618046824570124111266639206512722372880755761151052076786187552795911804402733
   258 | 5 7 19 173 431 947 5333 14449 30187 1196347 5200421 3310558219 636618868367 46993657769172799 327559805394979121755489 56748336081377426535170587
   259 | 29 71 7253 12433 13469 8891471 50642213021 630480358275811 5286421753127675395285829010752556252826859710743043860192882881148495136201
   260 | 5 5 11 13 13 53 79 131 211 1093 4057 4621 5981 15601 29927 41341 2010191 13761229 47891351 319716931 149166625778220961 14006500529974555327047567002302728601
   261 | 19 523 1009 194707 6209017 308673217 1522600921 26222472163 50668759459 68629840493971 65025646862608201023254715836669555596010560730609587
   262 | 5 263 5923631099 7338391849413604227975799 1464621689539044811822273019 1210399177182288006201752262354382648158190136861552303421773
   263 | C126
   264 | 5 7 13 19 23 23 61 67 89 97 199 331 617 5521 35839 22270249 24939553 395297101 2414250301 40834167001 184879309516177 175651822579831731574054050278935909201
   265 | 211 3829781 19383245658672820642055731 ... (C93)
   266 | 5 29 71 419 463 1559 555029 745181 19867541 9388046463781002573829883 566853658105958063427532037 60286285357068323908884890185142379901668431
   267 | 19 4120081168939 706132008101135602203621405289 445481567519686599686158311464472440433814652052922667197872788637246803994882403891
   268 | 5 13 269 573253 8556286591 12384629339 17685389279 174978917747 107120671093357 19487546413505693209 10766763142495403804480039985297256081298461
   269 | 3767 58833122596041019850277965408508940208380870952125838087379156948993498251689923575161076689330121444393974916753840891087813
   270 | 5 5 7 11 19 31 211 241 271 577 1009 2791 3571 1315711 127559071 377604937 397760329 3383270641 204521695561 6485668152547332660657841 64825437916329999414346801
   271 | 2711 735750407736473144959046057264728365874119021724332398617327934122565857164514694088659506296666818455309890905079155116415309
   272 | 5 13 17 17 97 137 401 1361 3673 6529 7039 236641 129009091 93067415281 950310165593 52777530392849 1282861452271981 3183465801136433 447089406259325369050081
   273 | 19 29 43 53 71 547 6217 29927 96643 989353 1256347 12169249 46134817 22495663009 29602264147 134473349011 6175294799857 53048777552907571641255207695909737
   274 | 5 823 10139 715963 1026679 25340617 1115350590485837 7743810553505190928448899 191683031205355179199958277121 41856855393835922319755115319026643
   275 | 23 23 101 211 331 14851 436151 33000001 39756701 97891736251 143083295851 522456078101 696235136818198777149779286979263141815928139711833269179522651
   276 | 5 7 13 19 47 61 139 277 461 691 829 3083 13249 53269 102811 174571 270619 2002867877 12798522145252969 536796759755555833 10446755020254746989 1266021208542598810111
   277 | 1454077510067338869372316944847370699315973030897734074697784296203115548999965031474021874144975537134405477448628043552826333261491
   278 | 5 557 180701 4064083 534791548469 4647078770987 16089060265481219 1598789291028673291 3326254807627778280849547 10030405577048408862815387897154011
   279 | 19 1009 41388734137 106292033371 617671248800299 485158402948122523 517799344626015499879031900498706249577318086949934391213632701342973276731
   280 | 5 5 11 13 29 41 71 97 211 281 463 2521 3121 4621 6091 13441 78569 369181 3001769 18906721 4762455881 392943879511 75005362926761 3330924131977261 21323976984295510274401
   281 | 1271780711 ... (C125)
   282 | 5 7 19 283 1129 6299 75577 8678833 303168989 77681973839 11170373961701 11636933959621098088031030445636513007 131479459318792575326390806103446996508857
   283 | 6793 452802040997 ... (C120)
   284 | 5 13 1279 5113 8521 24709 606341 67049419 378770204035162384997 111998979662707645844109121 20602934563801140363174401507923665890002550034920372967409
   285 | 19 19 191 211 457 571 1559 3571 23371 745181 3301631 351536786281 8191816751977 1609266656997091 13720405721466007835103211 123461833134524807365862996193631801
   286 | 5 23 23 53 79 331 4057 29927 35839 639868373 64260057577 935665618869351371 110590649554458058129 8608106912640683724041725103 48991378138982523134834853053
   287 | 29 71 821 32309 99139 13869481 14069626072321 ... (C101)
   288 | 5 7 13 17 19 37 61 73 97 181 193 401 577 1009 2593 3041 3169 3889 5521 14177 27793 38977 369793 41432641 69359041 245953921 25169360989905069409 248072535748050682489095956648257
   289 | 129009091 27898271669 204456200330920249 1050133986616380121116144457509767404540060956596733490422251449679809275414206975278000529339680994501
   290 | 5 5 11 59 211 1567 89611 208511 148466603 1078723441 68629840493971 11656397356111561 482760636131855627222316551 373929169086701893971768464314931590574709991
   291 | 19 8731 319128643 59813046375181769306016700165290169537 ... (C88)
   292 | 5 13 293 439 22777 63949 3606347 645845309 5990256193 374846134168397471243 357153955800796052994163 917235135356442534778717976272764900691323352904448673
   293 | 863179 2289503 ... (C128)
   294 | 5 7 7 7 19 29 43 71 197 463 883 6217 92233 224617 3440291 3566809 5935273 133768139 589955028851094677 603113129008172292789931 1810099742495545500007721143785356502823
   295 | 211 744939311 14130386091162273752461387579 ... (C102)
   296 | 5 13 97 149 7549 21313 8891471 25918649 3094090369 50642213021 604408111852283 31330151333999377 233669003152874453180101777 69977834366378396125021357097423657
   297 | 19 23 23 67 331 1009 2377 55243 24939553 397760329 31380595291 12884961778437920314402513 42800469719882256845691132821969094206684861284560043245799044366379177
   298 | 5 363503977 9469970353 35826894687127246804985548437808941002293995812091691 24665899002341798194980052306171212216360861465143461865961807325057879
   299 | 47 53 599 8971 29927 2002867877 32905029878169931 326458532918163673 ... (C85)
   300 | 5 5 5 7 11 13 19 31 61 101 151 211 241 601 751 1051 1201 2341 3571 4621 4801 6151 11701 24001 513101 797701 9802501 39756701 104189401 1333073701 2296284901 12826646101 19679141551 16751715789451

