
                    Carmichael Numbers with 3 Prime Factors

For any prime p < 10000, this page lists the number of Carmichael numbers with
3 prime factors one of which is p.

A total of 8716 Carmichael numbers were found.



             0 Carmichael numbers were found for given factor 

  1223   1487   4007   4547   7823   9839 



             1 Carmichael number was found for given factor 

     3     11     59    197    389    467    479    503    563    719 
   839    887   1523   1907   2087   2339   2837   3167   3989   4229 
  4259   4643   4679   4787   4903   4919   5417   5849   5879   6299 
  7307   7331   7577   7583   8117   9173   9833 



             2 Carmichael numbers were found for given factor 

    23     79     83    149    167    233    283    317    347    359 
   643    653    773    907   1103   1109   1367   1439   1459   1493 
  1553   1787   1823   1847   1949   2039   2063   2447   2543   2741 
  2819   2879   2999   3023   3203   3343   3803   3947   4073   4127 
  4139   4211   4493   4517   4637   4703   4973   5813   5897   5939 
  6053   6263   6547   6569   6719   6737   6779   6977   7019   7433 
  7547   7607   7703   7727   8087   8423   8573   8609   8663   8819 
  8963   9467   9479   9539   9587   9767   9967 



             3 Carmichael numbers were found for given factor 

     5     47     53    107    173    383    419    499    557   1019 
  1031   1049   1091   1187   1259   1511   1559   1579   1637   1699 
  1889   2099   2153   2239   2243   2267   2309   2417   2477   2609 
  2663   2693   2767   2843   2939   2969   3089   3119   3617   3623 
  3659   3779   4079   4391   4397   4519   5003   5009   5039   5099 
  5179   5323   5387   5869   6047   6131   6143   6163   6287   6323 
  6653   6659   6823   6983   7013   7043   7159   7487   7559   7589 
  7639   7643   7793   7883   8243   8387   8429   8627   8669   8693 
  8831   8861   8999   9029   9059   9137   9203   9293   9403   9551 
  9629   9743   9803   9851   9929 



             4 Carmichael numbers were found for given factor 

    19     29     67    101    179    227    263    269    509    587 
   593    677    821    857    947    983   1033   1063   1097   1129 
  1217   1229   1279   1289   1319   1427   1481   1619   1697   2687 
  2729   2887   2903   3299   3347   3371   3449   3539   3593   3727 
  3863   3923   3929   4049   4217   4349   4373   4457   4583   4871 
  4937   4943   5087   5147   5309   5333   5399   5471   5477   5647 
  5827   6173   6199   6317   6353   6367   6703   6803   6899   6947 
  7079   7103   7109   7127   7207   7219   7829   7907   7937   7949 
  8039   8069   8629   8699   8837   8923   9011   9187   9209   9221 
  9239   9277   9323   9341   9473   9623   9689   9719   9749   9859 
  9887 



             5 Carmichael numbers were found for given factor 

    17     89    137    223    239    293    463    647    739    743 
   769    863    881    929   1151   1291   1373   1543   1549   1709 
  1733   1747   1811   1867   1877   1931   1979   1997   2111   2203 
  2297   2383   2389   2393   2459   2579   2657   2677   2699   2719 
  2789   2927   2957   2963   3079   3191   3271   3389   3457   3467 
  3491   3581   3583   3677   3769   3797   3821   3919   4013   4157 
  4409   4463   4513   4639   4649   4673   4759   4793   4889   4909 
  5189   5279   5351   5449   5573   5591   5639   5651   5669   5711 
  5783   5807   5927   6029   6079   6113   6269   6311   6329   6563 
  6599   6829   6863   6869   6959   7187   7349   7457   7459   7499 
  7691   7757   7853   7919   8237   8369   8447   8539   8563   8623 
  8677   8783   8863   9413   9491   9679   9923 



             6 Carmichael numbers were found for given factor 

     7    103    113    139    191    257    349    431    439    449 
   569    599    683    709    809    827    977   1039   1163   1181 
  1447   1451   1567   1583   1627   1777   1879   1913   2003   2027 
  2081   2083   2207   2293   2441   2659   2713   2753   2803   2917 
  3137   3163   3209   3229   3527   3533   3559   3671   3691   3967 
  4099   4133   4153   4283   4339   4451   4657   4723   4799   4877 
  4967   5011   5051   5231   5297   5393   5407   5507   5519   5527 
  5683   5843   6067   6343   6359   6379   6389   6911   7193   7229 
  7417   7517   7649   7993   8111   8123   8219   8231   8527   8719 
  8747   9127   9161   9257   9337   9349   9419   9463   9613   9643 
  9649   9811 



             7 Carmichael numbers were found for given factor 

    71    229    461    659    787    797    971   1123   1193   1231 
  1307   1409   1423   1433   1613   1753   1759   1973   2011   2141 
  2179   2333   2399   2411   2539   2707   2909   3169   3257   3259 
  3319   3323   3373   3391   3407   3413   3461   3463   3469   3547 
  3943   4091   4363   4549   4729   5021   5077   5233   5303   5441 
  5479   5483   5501   5623   5659   5717   5737   5791   5867   5987 
  6011   6089   6197   6257   6397   6491   6619   6673   6691   6827 
  6833   6857   7027   7039   7069   7247   7549   7759   7817   7877 
  7901   7933   8059   8081   8221   8263   8273   8363   8377   8431 
  8543   8599   8707   8753   8803   8839   8867   9067   9103   9227 
  9319   9497   9533   9547   9677   9739   9857 



             8 Carmichael numbers were found for given factor 

    13     37     97    127    163    251    353    373    443    521 
   523    691    853    859   1087   1283   1483   1499   1871   1933 
  2287   2437   2531   2549   2671   2897   3083   3109   3217   3307 
  3499   3557   3767   3793   3847   3853   3881   4129   4219   4241 
  4271   4289   4327   4337   4483   4507   4523   4603   4817   4931 
  5081   5653   5657   5741   5749   5779   5923   5981   6101   6203 
  6221   6247   6277   6521   6551   6577   6689   6761   6871   6883 
  7151   7297   7523   7529   7573   7717   7873   8011   8147   8291 
  8419   8741   8933   8969   9397   9431   9433   9781   9787   9883 



             9 Carmichael numbers were found for given factor 

    31     41    199    277    311    367    619    641    829   1021 
  1277   1361   1601   1663   1667   1669   1721   1999   2069   2213 
  2273   2351   2357   2617   2683   2777   2953   3253   3359   3529 
  3607   3613   3911   4027   4253   4691   4721   4783   4789   5107 
  5119   5273   5437   5569   5689   5693   5903   5953   6473   6763 
  6949   6971   7177   7211   7283   7477   7699   7927   8167   8179 
  8501   8807   8821   8887   9013   9371   9461   9511   9733   9791 
  9949 



             10 Carmichael numbers were found for given factor 

   281    397    409    491    607    877    941    967   1061   1249 
  1399   1571   1597   1607   1693   1783   2131   2237   2371   2377 
  2591   2621   2711   2749   2797   2861   3001   3329   3433   3517 
  3709   3719   3877   3917   4019   4597   5059   5171   5381   5419 
  5503   5557   6043   6449   6907   6967   7213   7243   7621   7963 
  8053   8287   8311   8329   8597   9001   9281   9377   9437   9697 



             11 Carmichael numbers were found for given factor 

    73    131    151    193    457    823    919   1237   2029   2089 
  2347   2423   2503   2647   2689   2833   3541   3733   3761   3889 
  4003   4177   4423   4651   4733   5167   5261   5413   5521   6229 
  6571   6709   6791   6991   7057   7237   7451   7537   7603   7673 
  7867   8089   8093   8467   8513   8779   9343   9421   9817 



             12 Carmichael numbers were found for given factor 

    43    109    307    379    487    727    757    761    937    953 
   997   1069   1213   1453   1609   1741   1873   1901   1951   1993 
  2113   2467   2633   3019   3041   3673   3701   3833   4093   4421 
  4567   4663   4969   5153   5347   5443   5563   6211   6607   6637 
  6781   6793   7129   7669   7753   7789   7841   8009   8101   8689 
  8731   8951   9007   9043   9151   9199   9631   9769   9941 



             13 Carmichael numbers were found for given factor 

   571    733    751    883   1013   1381   1429   1471   1723   1831 
  2053   2251   2269   2281   2473   2791   3049   3187   3251   3643 
  4001   4813   4987   4993   5197   5227   5743   5821   6007   6271 
  6451   6469   6529   6679   6701   6733   7121   7369   7489   7879 
  8293   8537   8681   8849   9041   9049   9311   9391 



             14 Carmichael numbers were found for given factor 

   157    401    547    617    911   1009   1117   1303   1489   2017 
  2129   2137   2521   2593   3121   3331   3631   4021   4051   4273 
  4297   5209   5237   5839   5861   5881   6373   6917   6997   7681 
  9439   9619   9931 



             15 Carmichael numbers were found for given factor 

   181    241    811   1201   1301   1789   1987   2851   2971   3181 
  3221   3823   4231   4481   4999   5531   5701   5801   5851   5857 
  7253   7393   7951   8017   8171   8297   8389   8761   8893   9157 
  9283   9871 



             16 Carmichael numbers were found for given factor 

    61    601    631    673   2381   2551   3011   3511   3907   4243 
  4591   4751   5023   5113   5431   5641   6091   6217   6581   7001 
  7309   8233   8317   8353   9091   9133   9907 



             17 Carmichael numbers were found for given factor 

   433    577    613   1051   1093   1153   1327   1861   2801   3067 
  3571   3931   4057   4159   4447   4831   4957   6151   6421   7411 
  7541   7591   8269   8941   9109 



             18 Carmichael numbers were found for given factor 

   701   1621   2311   3637   3739   4357   6301   7351   7687   8737 
  9521 



             19 Carmichael numbers were found for given factor 

   337   1531   3313   4561   4861   5281   6337   7321   7333   7507 
  7723   7741   8971   9181   9601   9721   9901   9973 



             20 Carmichael numbers were found for given factor 

   313    331    541    661    991   1801   2557   3037   5101   6073 
  6427   6553   6841   8209   8443   8581   8641   8929 



             21 Carmichael numbers were found for given factor 

   271   2857   4201   4801   6037   8191 



             22 Carmichael numbers were found for given factor 

   211   3301   6121   8161   9829 



             23 Carmichael numbers were found for given factor 

  1297   1321   3697   4111   4261   4933   4951   5581   7481   7561 
  8647 



             24 Carmichael numbers were found for given factor 

   421   1657   3061   3851   6361   6481   6661   6961   8713 



             25 Carmichael numbers were found for given factor 

  1171   2143   2341   4441   9661 



             27 Carmichael numbers were found for given factor 

  2731   3361   6133   8461 



             28 Carmichael numbers were found for given factor 

  4621   8521 



             29 Carmichael numbers were found for given factor 

  2161 



             31 Carmichael numbers were found for given factor 

  2221 



             38 Carmichael numbers were found for given factor 

  9241 


