
[ [       1,       0,       0,       0,       0,       0,       0,       0,       0,       0,       0,       0 ],
  [       0,       1,       0,       0,       0,       0,       0,       0,       0,       0,       0,       0 ],
  [       0,       1,       2,       0,       0,       0,       0,       0,       0,       0,       0,       0 ],
  [       3,      -2,       2,       6,       0,       0,       0,       0,       0,       0,       0,       0 ],
  [       3,      -2,       6,       6,      12,       0,       0,       0,       0,       0,       0,       0 ],
  [      28,     -27,       6,     -24,      12,      60,       0,       0,       0,       0,       0,       0 ],
  [      28,     -27,      12,     -24,       0,       0,      60,       0,       0,       0,       0,       0 ],
  [     105,    -104,      12,      60,       0,       0,      60,     420,       0,       0,       0,       0 ],
  [     105,    -104,      20,      60,    -240,    -360,     420,     420,     840,       0,       0,       0 ],
  [     276,    -275,      20,    -120,    -240,       0,     420,    -840,     840,    2520,       0,       0 ],
  [     276,    -275,      30,    -120,    1260,    1260,    -840,    -840,       0,       0,    2520,       0 ],
  [     595,    -594,      30,  -13650,    1260,  -12600,    -840,  -10080,       0,       0,    2520,   27720 ] ]

